% bbGt version=3
person 69 222 25 57 0 0 0 0 0 0 0
person 97 221 27 72 1 0 0 0 0 0 0
person 200 219 38 82 0 0 0 0 0 0 0
person 239 215 33 86 0 0 0 0 0 0 0
person 460 219 37 82 0 0 0 0 0 0 0
person 121 217 33 70 2 0 0 0 0 0 0
person 412 216 62 152 0 0 0 0 0 0 0
person 14 202 59 147 0 0 0 0 0 0 0
person 442 221 45 126 0 0 0 0 0 0 0
person 105 208 39 103 0 0 0 0 0 0 0
people 435 217 97 61 0 0 0 0 0 0 0
people 541 221 90 54 0 0 0 0 0 0 0
person 566 226 30 57 0 0 0 0 0 0 0
person 147 244 27 54 0 0 0 0 0 0 0
