% bbGt version=3
person 73 221 25 57 0 0 0 0 0 0 0
person 102 220 27 72 2 0 0 0 0 0 0
person 204 219 39 82 0 0 0 0 0 0 0
person 245 215 33 86 0 0 0 0 0 0 0
person 457 217 39 85 2 0 0 0 0 0 0
person 124 217 33 71 1 0 0 0 0 0 0
person 404 215 63 154 0 0 0 0 0 0 0
person 1 201 59 148 0 0 0 0 0 0 0
person 455 221 45 128 0 0 0 0 0 0 0
person 96 209 39 103 0 0 0 0 0 0 0
people 435 217 97 61 0 0 0 0 0 0 0
people 541 221 90 54 0 0 0 0 0 0 0
person 573 226 30 57 0 0 0 0 0 0 0
person 151 244 27 54 0 0 0 0 0 0 0
