% bbGt version=3
person 72 222 25 57 0 0 0 0 0 0 0
person 100 220 27 72 2 0 0 0 0 0 0
person 203 219 38 82 0 0 0 0 0 0 0
person 243 215 33 86 0 0 0 0 0 0 0
person 458 217 38 84 1 0 0 0 0 0 0
person 123 217 33 70 2 0 0 0 0 0 0
person 407 215 62 153 0 0 0 0 0 0 0
person 5 202 59 148 0 0 0 0 0 0 0
person 451 221 45 127 0 0 0 0 0 0 0
person 99 209 39 103 0 0 0 0 0 0 0
people 435 217 97 61 0 0 0 0 0 0 0
people 541 221 90 54 0 0 0 0 0 0 0
person 570 226 30 57 0 0 0 0 0 0 0
person 149 244 27 54 0 0 0 0 0 0 0
