% bbGt version=3
person 70 222 25 57 0 0 0 0 0 0 0
person 95 221 27 72 1 0 0 0 0 0 0
person 201 219 38 82 0 0 0 0 0 0 0
person 241 215 33 86 0 0 0 0 0 0 0
person 459 218 37 83 1 0 0 0 0 0 0
person 122 217 33 70 2 0 0 0 0 0 0
person 409 216 62 153 0 0 0 0 0 0 0
person 9 202 59 147 0 0 0 0 0 0 0
person 446 221 45 126 0 0 0 0 0 0 0
person 102 208 39 103 0 0 0 0 0 0 0
people 435 217 97 61 0 0 0 0 0 0 0
people 541 221 90 54 0 0 0 0 0 0 0
person 568 226 30 57 0 0 0 0 0 0 0
person 148 244 27 54 0 0 0 0 0 0 0
