% bbGt version=3
person 24 228 28 59 0 0 0 0 0 0 0
person 120 221 30 74 0 0 0 0 0 0 0
person 155 212 33 83 0 0 0 0 0 0 0
person 485 217 29 72 0 0 0 0 0 0 0
person 60 222 23 58 0 0 0 0 0 0 0
person 259 225 59 130 0 0 0 0 0 0 0
person 242 224 45 96 0 0 0 0 0 0 0
person 222 209 39 85 2 0 0 0 0 0 0
person 456 223 68 145 0 0 0 0 0 0 0
person 27 225 71 164 0 0 0 0 0 0 0
people 435 217 97 61 0 0 0 0 0 0 0
people 541 221 90 54 0 0 0 0 0 0 0
person 434 224 30 55 0 0 0 0 0 0 0
person 261 222 39 96 2 0 0 0 0 0 0
