% bbGt version=3
person 26 228 25 48 1 0 0 0 0 0 0
person 44 225 27 67 0 0 0 0 0 0 0
person 151 221 31 77 1 0 0 0 0 0 0
person 183 213 33 84 2 0 0 0 0 0 0
person 476 218 31 76 2 0 0 0 0 0 0
person 83 220 26 63 0 0 0 0 0 0 0
person 511 220 50 130 0 0 0 0 0 0 0
person 160 217 59 137 0 0 0 0 0 0 0
person 309 224 45 104 0 0 0 0 0 0 0
person 182 206 39 94 0 0 0 0 0 0 0
people 435 217 97 61 0 0 0 0 0 0 0
people 541 221 90 54 0 0 0 0 0 0 0
person 484 225 30 56 0 0 0 0 0 0 0
person 325 220 39 101 0 0 0 0 0 0 0
