% bbGt version=3
person 34 226 25 51 1 0 0 0 0 0 0
person 54 224 27 68 0 0 0 0 0 0 0
person 161 220 32 78 1 0 0 0 0 0 0
person 194 213 33 84 1 0 0 0 0 0 0
person 474 219 32 77 2 0 0 0 0 0 0
person 91 219 28 64 0 0 0 0 0 0 0
person 491 219 53 135 0 0 0 0 0 0 0
person 127 215 59 139 0 0 0 0 0 0 0
person 332 224 45 107 0 0 0 0 0 0 0
person 168 205 39 97 0 0 0 0 0 0 0
people 435 217 97 61 0 0 0 0 0 0 0
people 541 221 90 54 0 0 0 0 0 0 0
person 501 225 30 56 0 0 0 0 0 0 0
person 348 219 39 103 0 0 0 0 0 0 0
