% bbGt version=3
person 28 228 25 49 1 0 0 0 0 0 0
person 46 225 27 67 0 0 0 0 0 0 0
person 153 221 31 77 2 0 0 0 0 0 0
person 186 213 33 84 2 0 0 0 0 0 0
person 476 219 32 76 2 0 0 0 0 0 0
person 86 220 27 63 0 0 0 0 0 0 0
person 505 220 51 132 0 0 0 0 0 0 0
person 150 217 59 137 0 0 0 0 0 0 0
person 316 224 45 105 0 0 0 0 0 0 0
person 178 206 39 95 0 0 0 0 0 0 0
people 435 217 97 61 0 0 0 0 0 0 0
people 541 221 90 54 0 0 0 0 0 0 0
person 489 225 30 56 0 0 0 0 0 0 0
person 332 220 39 101 0 0 0 0 0 0 0
