% bbGt version=3
person 23 228 28 59 0 0 0 0 0 0 0
person 119 221 30 74 0 0 0 0 0 0 0
person 154 212 33 82 0 0 0 0 0 0 0
person 485 217 29 72 0 0 0 0 0 0 0
person 59 222 22 58 2 0 0 0 0 0 0
person 264 226 59 130 0 0 0 0 0 0 0
person 238 224 45 95 0 0 0 0 0 0 0
person 223 209 39 84 2 0 0 0 0 0 0
person 452 223 68 145 0 0 0 0 0 0 0
person 33 223 74 164 0 0 0 0 0 0 0
people 435 217 97 61 0 0 0 0 0 0 0
people 541 221 90 54 0 0 0 0 0 0 0
person 432 224 30 55 0 0 0 0 0 0 0
person 259 222 39 96 1 0 0 0 0 0 0
