% bbGt version=3
person 26 228 28 60 2 0 0 0 0 0 0
person 123 221 30 74 0 0 0 0 0 0 0
person 158 212 33 83 0 0 0 0 0 0 0
person 484 217 29 73 0 0 0 0 0 0 0
person 63 222 23 59 0 0 0 0 0 0 0
person 249 224 59 131 0 0 0 0 0 0 0
person 248 224 45 96 2 0 0 0 0 0 0
person 218 209 39 85 2 0 0 0 0 0 0
person 465 222 66 145 0 0 0 0 0 0 0
person 13 227 63 164 0 0 0 0 0 0 0
people 435 217 97 61 0 0 0 0 0 0 0
people 541 221 90 54 0 0 0 0 0 0 0
person 439 224 30 55 0 0 0 0 0 0 0
person 261 223 39 97 2 0 0 0 0 0 0
