% bbGt version=3
person 25 228 25 47 1 0 0 0 0 0 0
person 43 225 27 66 0 0 0 0 0 0 0
person 149 221 31 77 0 0 0 0 0 0 0
person 182 213 33 84 2 0 0 0 0 0 0
person 477 218 31 75 2 0 0 0 0 0 0
person 82 220 26 62 0 0 0 0 0 0 0
person 514 221 50 130 0 0 0 0 0 0 0
person 164 218 59 136 0 0 0 0 0 0 0
person 306 224 45 104 0 0 0 0 0 0 0
person 183 206 39 93 0 0 0 0 0 0 0
people 435 217 97 61 0 0 0 0 0 0 0
people 541 221 90 54 0 0 0 0 0 0 0
person 482 225 30 56 0 0 0 0 0 0 0
person 322 220 39 101 0 0 0 0 0 0 0
