% bbGt version=3
person 30 227 25 50 1 0 0 0 0 0 0
person 48 224 27 68 0 0 0 0 0 0 0
person 156 221 31 77 2 0 0 0 0 0 0
person 189 213 33 84 2 0 0 0 0 0 0
person 475 219 32 76 2 0 0 0 0 0 0
person 88 220 27 64 0 0 0 0 0 0 0
person 499 220 52 133 0 0 0 0 0 0 0
person 141 216 59 138 0 0 0 0 0 0 0
person 322 224 45 106 0 0 0 0 0 0 0
person 174 205 39 96 0 0 0 0 0 0 0
people 435 217 97 61 0 0 0 0 0 0 0
people 541 221 90 54 0 0 0 0 0 0 0
person 494 225 30 56 0 0 0 0 0 0 0
person 338 220 39 102 0 0 0 0 0 0 0
