% bbGt version=3
person 37 226 25 52 0 0 0 0 0 0 0
person 60 223 27 69 0 0 0 0 0 0 0
person 165 220 32 78 1 0 0 0 0 0 0
person 199 213 33 85 0 0 0 0 0 0 0
person 472 219 33 77 2 0 0 0 0 0 0
person 94 219 28 65 0 0 0 0 0 0 0
person 482 219 54 137 0 0 0 0 0 0 0
person 112 213 59 140 0 0 0 0 0 0 0
person 342 224 45 108 0 0 0 0 0 0 0
person 162 205 39 98 0 0 0 0 0 0 0
people 435 217 97 61 0 0 0 0 0 0 0
people 541 221 90 54 0 0 0 0 0 0 0
person 508 225 30 56 0 0 0 0 0 0 0
person 358 219 39 103 0 0 0 0 0 0 0
