% bbGt version=3
person 36 226 25 52 0 0 0 0 0 0 0
person 58 223 27 68 0 0 0 0 0 0 0
person 164 220 32 78 1 0 0 0 0 0 0
person 197 213 33 85 0 0 0 0 0 0 0
person 473 219 33 77 2 0 0 0 0 0 0
person 93 219 28 65 0 0 0 0 0 0 0
person 485 219 53 136 0 0 0 0 0 0 0
person 117 214 59 140 0 0 0 0 0 0 0
person 338 224 45 108 0 0 0 0 0 0 0
person 164 205 39 98 0 0 0 0 0 0 0
people 435 217 97 61 0 0 0 0 0 0 0
people 541 221 90 54 0 0 0 0 0 0 0
person 506 225 30 56 0 0 0 0 0 0 0
person 355 219 39 103 0 0 0 0 0 0 0
