% bbGt version=3
person 27 228 25 48 1 0 0 0 0 0 0
person 45 225 27 67 0 0 0 0 0 0 0
person 152 221 31 77 1 0 0 0 0 0 0
person 185 213 28 84 1 0 0 0 0 0 0
person 476 219 32 76 2 0 0 0 0 0 0
person 85 220 27 63 0 0 0 0 0 0 0
person 508 220 51 131 0 0 0 0 0 0 0
person 155 217 59 137 0 0 0 0 0 0 0
person 313 224 45 104 0 0 0 0 0 0 0
person 180 206 39 94 0 0 0 0 0 0 0
people 435 217 97 61 0 0 0 0 0 0 0
people 541 221 90 54 0 0 0 0 0 0 0
person 487 225 30 56 0 0 0 0 0 0 0
person 329 220 39 101 0 0 0 0 0 0 0
