% bbGt version=3
person 28 227 28 61 0 0 0 0 0 0 0
person 126 221 30 75 0 0 0 0 0 0 0
person 160 212 33 83 0 0 0 0 0 0 0
person 483 217 29 73 0 0 0 0 0 0 0
person 65 222 23 59 0 0 0 0 0 0 0
person 240 224 59 132 0 0 0 0 0 0 0
person 255 224 45 97 2 0 0 0 0 0 0
person 214 208 39 86 2 0 0 0 0 0 0
person 474 222 65 145 0 0 0 0 0 0 0
person 1 230 56 164 0 0 0 0 0 0 0
people 435 217 97 61 0 0 0 0 0 0 0
people 541 221 90 54 0 0 0 0 0 0 0
person 444 224 30 55 0 0 0 0 0 0 0
person 272 223 39 97 1 0 0 0 0 0 0
