% bbGt version=3
person 23 229 25 47 1 0 0 0 0 0 0
person 41 225 27 66 0 0 0 0 0 0 0
person 146 221 31 76 0 0 0 0 0 0 0
person 179 213 33 84 2 0 0 0 0 0 0
person 478 218 31 75 2 0 0 0 0 0 0
person 80 220 26 62 0 0 0 0 0 0 0
person 520 221 49 128 0 0 0 0 0 0 0
person 174 218 59 136 0 0 0 0 0 0 0
person 300 224 45 103 0 0 0 0 0 0 0
person 187 206 39 92 0 0 0 0 0 0 0
people 435 217 97 61 0 0 0 0 0 0 0
people 541 221 90 54 0 0 0 0 0 0 0
person 477 225 30 56 0 0 0 0 0 0 0
person 316 220 39 100 0 0 0 0 0 0 0
