% bbGt version=3
person 25 228 28 60 2 0 0 0 0 0 0
person 122 221 30 74 0 0 0 0 0 0 0
person 156 212 33 83 0 0 0 0 0 0 0
person 484 217 29 72 0 0 0 0 0 0 0
person 62 222 23 58 0 0 0 0 0 0 0
person 254 225 59 131 0 0 0 0 0 0 0
person 245 228 45 96 1 0 0 0 0 0 0
person 220 209 39 85 2 0 0 0 0 0 0
person 461 223 67 145 0 0 0 0 0 0 0
person 20 226 67 164 0 0 0 0 0 0 0
people 435 217 97 61 0 0 0 0 0 0 0
people 541 221 90 54 0 0 0 0 0 0 0
person 436 224 30 55 0 0 0 0 0 0 0
person 264 223 39 97 2 0 0 0 0 0 0
