% bbGt version=3
person 33 227 25 51 1 0 0 0 0 0 0
person 52 224 27 68 0 0 0 0 0 0 0
person 159 220 32 77 2 0 0 0 0 0 0
person 192 213 33 84 1 0 0 0 0 0 0
person 474 219 32 76 2 0 0 0 0 0 0
person 90 220 27 64 0 0 0 0 0 0 0
person 494 220 52 134 0 0 0 0 0 0 0
person 131 215 59 139 0 0 0 0 0 0 0
person 329 224 45 106 0 0 0 0 0 0 0
person 170 205 39 96 0 0 0 0 0 0 0
people 435 217 97 61 0 0 0 0 0 0 0
people 541 221 90 54 0 0 0 0 0 0 0
person 499 225 30 56 0 0 0 0 0 0 0
person 345 219 39 102 0 0 0 0 0 0 0
