% bbGt version=3
person 39 226 25 52 0 0 0 0 0 0 0
person 61 223 27 69 0 0 0 0 0 0 0
person 167 220 32 78 1 0 0 0 0 0 0
person 200 213 33 85 0 0 0 0 0 0 0
person 472 219 33 77 2 0 0 0 0 0 0
person 95 219 28 65 0 0 0 0 0 0 0
person 479 219 54 137 0 0 0 0 0 0 0
person 108 213 59 140 0 0 0 0 0 0 0
person 345 224 45 108 0 0 0 0 0 0 0
person 161 204 39 99 0 0 0 0 0 0 0
people 435 217 97 61 0 0 0 0 0 0 0
people 541 221 90 54 0 0 0 0 0 0 0
person 511 225 30 56 0 0 0 0 0 0 0
person 362 219 39 103 0 0 0 0 0 0 0
