% bbGt version=3
person 31 227 25 50 1 0 0 0 0 0 0
person 50 224 27 68 0 0 0 0 0 0 0
person 158 220 31 77 2 0 0 0 0 0 0
person 191 213 33 84 2 0 0 0 0 0 0
person 474 219 32 76 2 0 0 0 0 0 0
person 89 220 27 64 0 0 0 0 0 0 0
person 496 220 52 134 0 0 0 0 0 0 0
person 136 215 59 138 0 0 0 0 0 0 0
person 326 224 45 106 0 0 0 0 0 0 0
person 172 205 39 96 0 0 0 0 0 0 0
people 435 217 97 61 0 0 0 0 0 0 0
people 541 221 90 54 0 0 0 0 0 0 0
person 496 225 30 56 0 0 0 0 0 0 0
person 342 220 39 102 0 0 0 0 0 0 0
