% bbGt version=3
person 29 227 25 49 1 0 0 0 0 0 0
person 47 224 27 68 0 0 0 0 0 0 0
person 155 221 31 77 2 0 0 0 0 0 0
person 188 213 33 84 2 0 0 0 0 0 0
person 475 219 32 76 2 0 0 0 0 0 0
person 87 220 27 63 0 0 0 0 0 0 0
person 502 220 51 132 0 0 0 0 0 0 0
person 145 216 59 138 0 0 0 0 0 0 0
person 319 224 45 105 0 0 0 0 0 0 0
person 176 206 39 95 0 0 0 0 0 0 0
people 435 217 97 61 0 0 0 0 0 0 0
people 541 221 90 54 0 0 0 0 0 0 0
person 491 225 30 56 0 0 0 0 0 0 0
person 335 220 39 102 0 0 0 0 0 0 0
