% bbGt version=3
person 24 229 25 47 1 0 0 0 0 0 0
person 42 225 27 66 0 0 0 0 0 0 0
person 148 221 31 76 0 0 0 0 0 0 0
person 181 213 33 84 2 0 0 0 0 0 0
person 477 218 31 75 2 0 0 0 0 0 0
person 81 220 26 62 0 0 0 0 0 0 0
person 517 221 50 129 0 0 0 0 0 0 0
person 169 218 59 136 0 0 0 0 0 0 0
person 303 224 45 103 0 0 0 0 0 0 0
person 185 206 39 93 0 0 0 0 0 0 0
people 435 217 97 61 0 0 0 0 0 0 0
people 541 221 90 54 0 0 0 0 0 0 0
person 479 225 30 56 0 0 0 0 0 0 0
person 319 220 39 101 0 0 0 0 0 0 0
