% bbGt version=3
person 27 227 28 60 2 0 0 0 0 0 0
person 125 221 30 75 0 0 0 0 0 0 0
person 159 212 33 83 0 0 0 0 0 0 0
person 484 217 29 73 0 0 0 0 0 0 0
person 64 222 23 59 0 0 0 0 0 0 0
person 245 224 59 131 0 0 0 0 0 0 0
person 251 224 45 97 2 0 0 0 0 0 0
person 216 208 39 86 2 0 0 0 0 0 0
person 469 222 65 145 0 0 0 0 0 0 0
person 7 228 60 164 0 0 0 0 0 0 0
people 435 217 97 61 0 0 0 0 0 0 0
people 541 221 90 54 0 0 0 0 0 0 0
person 441 224 30 55 0 0 0 0 0 0 0
person 275 223 39 97 2 0 0 0 0 0 0
