% bbGt version=3
person 35 226 25 52 0 0 0 0 0 0 0
person 56 224 27 68 0 0 0 0 0 0 0
person 162 220 32 78 1 0 0 0 0 0 0
person 196 213 33 85 1 0 0 0 0 0 0
person 473 219 32 77 2 0 0 0 0 0 0
person 92 219 28 64 0 0 0 0 0 0 0
person 488 219 53 135 0 0 0 0 0 0 0
person 122 214 59 139 0 0 0 0 0 0 0
person 335 224 45 107 0 0 0 0 0 0 0
person 166 205 39 97 0 0 0 0 0 0 0
people 435 217 97 61 0 0 0 0 0 0 0
people 541 221 90 54 0 0 0 0 0 0 0
person 503 225 30 56 0 0 0 0 0 0 0
person 351 219 39 103 0 0 0 0 0 0 0
